[
  {
    "Type": "ScoringInfoV01",
    "mAmbientTemp": 23.97552319917736,
    "mAvgPathWetness": 0.0,
    "mCurrentET": 20.2,
    "mDarkCloud": 0.0,
    "mEndET": -2147483648.0,
    "mGameMode": 0,
    "mGamePhase": 3,
    "mInRealtime": true,
    "mIsPasswordProtected": false,
    "mLapDist": 13623.9677734375,
    "mMaxLaps": 2147483647,
    "mMaxPathWetness": 0.0,
    "mMaxPlayers": 0,
    "mMinPathWetness": 0.0,
    "mNumRedLights": 5,
    "mNumVehicles": 37,
    "mPlayerName": "Pawel Zeja",
    "mPlrFileName": "Settings",
    "mRaining": 0.0,
    "mResultsStream": "",
    "mSectorFlag": [
      11,
      11,
      11
    ],
    "mServerName": "-none-",
    "mServerPort": 0,
    "mServerPublicIP": 0,
    "mSession": 10,
    "mStartET": 57600.0,
    "mStartLight": 0,
    "mTrackName": "Circuit de la Sarthe",
    "mTrackTemp": 42.9999938928965,
    "mVehicles": [
      {
        "mBestLapTime": -1.0,
        "mBestSector1": -1.0,
        "mBestSector2": -1.0,
        "mControl": 1,
        "mCountLapFlag": 0,
        "mCurSector1": -1.0,
        "mCurSector2": -1.0,
        "mDriverName": "Tom Gamble",
        "mEstimatedLapTime": 206.2523193359375,
        "mFinishStatus": 0,
        "mFlag": 0,
        "mHeadlights": 0,
        "mID": 1,
        "mInGarageStall": false,
        "mInPits": false,
        "mIsPlayer": false,
        "mLapDist": 11660.6279296875,
        "mLapStartET": 0.0,
        "mLapsBehindLeader": 0,
        "mLapsBehindNext": 0,
        "mLastLapTime": 0.0,
        "mLastSector1": 0.0,
        "mLastSector2": 0.0,
        "mLocalAccel": [
          -0.20329171419143677,
          1.1660374402999878,
          -2.2380619049072266
        ],
        "mLocalRot": [
          0.006309362128376961,
          -0.001352414721623063,
          -0.006856116466224194
        ],
        "mLocalRotAccel": [
          -0.5650261640548706,
          -0.3661864101886749,
          -2.841190814971924
        ],
        "mLocalVel": [
          -0.010443687438964844,
          0.12144088745117188,
          -19.03150749206543
        ],
        "mNumPenalties": 0,
        "mNumPitstops": 0,
        "mOri": [
          [
            -0.6962292194366455,
            0.01700526289641857,
            -0.7176180481910706
          ],
          [
            0.026601383462548256,
            0.999643862247467,
            -0.0021201460622251034
          ],
          [
            0.7173264622688293,
            -0.020565740764141083,
            -0.6964336633682251
          ]
        ],
        "mPathLateral": 2.929969310760498,
        "mPitGroup": "Group12",
        "mPitLapDist": 95.48834228515625,
        "mPitState": 0,
        "mPlace": 16,
        "mPos": [
          -71.32797241210938,
          6.562138557434082,
          -729.3795776367188
        ],
        "mSector": 0,
        "mTimeBehindLeader": 1.818511962890625,
        "mTimeBehindNext": 0.0117645263671875,
        "mTimeIntoLap": 172.9890594482422,
        "mTotalLaps": 0,
        "mTrackEdge": 4.650000095367432,
        "mUnderYellow": false,
        "mVehicleClass": "Hyper",
        "mVehicleName": "Aston Martin THOR Team 2025 #007:LM"
      },
      {
        "mBestLapTime": -1.0,
        "mBestSector1": -1.0,
        "mBestSector2": -1.0,
        "mControl": 1,
        "mCountLapFlag": 0,
        "mCurSector1": -1.0,
        "mCurSector2": -1.0,
        "mDriverName": "Alex Riberas",
        "mEstimatedLapTime": 206.2523193359375,
        "mFinishStatus": 0,
        "mFlag": 0,
        "mHeadlights": 0,
        "mID": 2,
        "mInGarageStall": false,
        "mInPits": false,
        "mIsPlayer": false,
        "mLapDist": 11716.29296875,
        "mLapStartET": 0.0,
        "mLapsBehindLeader": 0,
        "mLapsBehindNext": 0,
        "mLastLapTime": 0.0,
        "mLastSector1": 0.0,
        "mLastSector2": 0.0,
        "mLocalAccel": [
          2.051182270050049,
          0.28165701031684875,
          0.0887361392378807
        ],
        "mLocalRot": [
          -0.001982477493584156,
          -0.12185710668563843,
          -0.013900312595069408
        ],
        "mLocalRotAccel": [
          -1.544813632965088,
          -0.3658606708049774,
          -2.325502872467041
        ],
        "mLocalVel": [
          0.10471725463867188,
          0.12179537117481232,
          -19.464269638061523
        ],
        "mNumPenalties": 0,
        "mNumPitstops": 0,
        "mOri": [
          [
            -0.7387259006500244,
            -0.010432497598230839,
            -0.6739252805709839
          ],
          [
            -0.014723427593708038,
            0.9998914003372192,
            0.0006606257520616055
          ],
          [
            0.6738451719284058,
            0.010410510934889317,
            -0.7387992143630981
          ]
        ],
        "mPathLateral": -1.1572840213775635,
        "mPitGroup": "Group13",
        "mPitLapDist": 184.6419677734375,
        "mPitState": 0,
        "mPlace": 9,
        "mPos": [
          -34.52919006347656,
          6.971081256866455,
          -687.3790283203125
        ],
        "mSector": 0,
        "mTimeBehindLeader": 0.9967193603515625,
        "mTimeBehindNext": 0.1984710693359375,
        "mTimeIntoLap": 173.81085205078125,
        "mTotalLaps": 0,
        "mTrackEdge": -5.375,
        "mUnderYellow": false,
        "mVehicleClass": "Hyper",
        "mVehicleName": "Aston Martin THOR Team 2025 #009:LM"
      },
      {
        "mBestLapTime": -1.0,
        "mBestSector1": -1.0,
        "mBestSector2": -1.0,
        "mControl": 1,
        "mCountLapFlag": 0,
        "mCurSector1": -1.0,
        "mCurSector2": -1.0,
        "mDriverName": "Felipe Nasr",
        "mEstimatedLapTime": 206.2523193359375,
        "mFinishStatus": 0,
        "mFlag": 0,
        "mHeadlights": 0,
        "mID": 3,
        "mInGarageStall": false,
        "mInPits": false,
        "mIsPlayer": false,
        "mLapDist": 11681.7568359375,
        "mLapStartET": 0.0,
        "mLapsBehindLeader": 0,
        "mLapsBehindNext": 0,
        "mLastLapTime": 0.0,
        "mLastSector1": 0.0,
        "mLastSector2": 0.0,
        "mLocalAccel": [
          -0.25631558895111084,
          0.4950752854347229,
          -0.28254491090774536
        ],
        "mLocalRot": [
          -0.012214083224534988,
          0.005680820904672146,
          -0.019165072590112686
        ],
        "mLocalRotAccel": [
          0.8657128214836121,
          0.12092466652393341,
          -1.837684988975525
        ],
        "mLocalVel": [
          -0.01895618438720703,
          0.14329616725444794,
          -17.220643997192383
        ],
        "mNumPenalties": 0,
        "mNumPitstops": 0,
        "mOri": [
          [
            -0.693993866443634,
            0.01673092134296894,
            -0.7197864651679993
          ],
          [
            0.023533081635832787,
            0.9997228980064392,
            0.0005480374675244093
          ],
          [
            0.7195962071418762,
            -0.016558459028601646,
            -0.6941952705383301
          ]
        ],
        "mPathLateral": 2.8047680854797363,
        "mPitGroup": "Group27",
        "mPitLapDist": 256.5159606933594,
        "mPitState": 0,
        "mPlace": 14,
        "mPos": [
          -56.11343002319336,
          6.732753276824951,
          -714.6735229492188
        ],
        "mSector": 0,
        "mTimeBehindLeader": 1.50323486328125,
        "mTimeBehindNext": -0.07061767578125,
        "mTimeIntoLap": 173.30433654785156,
        "mTotalLaps": 0,
        "mTrackEdge": 4.099999904632568,
        "mUnderYellow": false,
        "mVehicleClass": "Hyper",
        "mVehicleName": "Porsche Penske Motorsport 2025 #4:LM"
      },
      {
        "mBestLapTime": -1.0,
        "mBestSector1": -1.0,
        "mBestSector2": -1.0,
        "mControl": 1,
        "mCountLapFlag": 0,
        "mCurSector1": -1.0,
        "mCurSector2": -1.0,
        "mDriverName": "Julien Andlauer",
        "mEstimatedLapTime": 206.2523193359375,
        "mFinishStatus": 0,
        "mFlag": 0,
        "mHeadlights": 0,
        "mID": 4,
        "mInGarageStall": false,
        "mInPits": false,
        "mIsPlayer": false,
        "mLapDist": 11745.673828125,
        "mLapStartET": 0.0,
        "mLapsBehindLeader": 0,
        "mLapsBehindNext": 0,
        "mLastLapTime": 0.0,
        "mLastSector1": 0.0,
        "mLastSector2": 0.0,
        "mLocalAccel": [
          1.3218249082565308,
          0.22915714979171753,
          -0.17133444547653198
        ],
        "mLocalRot": [
          0.010760397650301456,
          -0.06572335958480835,
          0.0023822749499231577
        ],
        "mLocalRotAccel": [
          -0.09304904192686081,
          0.05688204616308212,
          -0.10201303660869598
        ],
        "mLocalVel": [
          0.05929374694824219,
          0.16823241114616394,
          -19.73793601989746
        ],
        "mNumPenalties": 0,
        "mNumPitstops": 0,
        "mOri": [
          [
            -0.8495722413063049,
            -0.021554462611675262,
            -0.5270317196846008
          ],
          [
            -0.030645005404949188,
            0.9994940161705017,
            0.008522424846887589
          ],
          [
            0.526581346988678,
            0.023391306400299072,
            -0.8498028516769409
          ]
        ],
        "mPathLateral": -3.4275403022766113,
        "mPitGroup": "Group26",
        "mPitLapDist": 297.0311584472656,
        "mPitState": 0,
        "mPlace": 5,
        "mPos": [
          -17.249624252319336,
          7.0413312911987305,
          -663.9226684570312
        ],
        "mSector": 0,
        "mTimeBehindLeader": 0.576263427734375,
        "mTimeBehindNext": 0.368377685546875,
        "mTimeIntoLap": 174.23130798339844,
        "mTotalLaps": 0,
        "mTrackEdge": -5.5,
        "mUnderYellow": false,
        "mVehicleClass": "Hyper",
        "mVehicleName": "Porsche Penske Motorsport 2025 #5:LM"
      },
      {
        "mBestLapTime": -1.0,
        "mBestSector1": -1.0,
        "mBestSector2": -1.0,
        "mControl": 1,
        "mCountLapFlag": 0,
        "mCurSector1": -1.0,
        "mCurSector2": -1.0,
        "mDriverName": "K\u00e9vin Estre",
        "mEstimatedLapTime": 206.2523193359375,
        "mFinishStatus": 0,
        "mFlag": 0,
        "mHeadlights": 0,
        "mID": 5,
        "mInGarageStall": false,
        "mInPits": false,
        "mIsPlayer": false,
        "mLapDist": 11627.61328125,
        "mLapStartET": 0.0,
        "mLapsBehindLeader": 0,
        "mLapsBehindNext": 0,
        "mLastLapTime": 0.0,
        "mLastSector1": 0.0,
        "mLastSector2": 0.0,
        "mLocalAccel": [
          -1.3477201461791992,
          -0.51637202501297,
          -1.6765612363815308
        ],
        "mLocalRot": [
          0.007410991936922073,
          0.07903275638818741,
          -0.015186971053481102
        ],
        "mLocalRotAccel": [
          0.4241073429584503,
          -0.14661453664302826,
          1.8756757974624634
        ],
        "mLocalVel": [
          -0.03409767150878906,
          0.1695818305015564,
          -20.78680419921875
        ],
        "mNumPenalties": 0,
        "mNumPitstops": 0,
        "mOri": [
          [
            -0.7332813143730164,
            -0.01021814439445734,
            -0.6798486113548279
          ],
          [
            -0.013343699276447296,
            0.9999107718467712,
            -0.0006362403510138392
          ],
          [
            0.679794430732727,
            0.008605152368545532,
            -0.7333521842956543
          ]
        ],
        "mPathLateral": -1.7269837856292725,
        "mPitGroup": "Group28",
        "mPitLapDist": 333.0231018066406,
        "mPitState": 0,
        "mPlace": 19,
        "mPos": [
          -98.22806549072266,
          6.307723045349121,
          -749.0900268554688
        ],
        "mSector": 0,
        "mTimeBehindLeader": 2.320281982421875,
        "mTimeBehindNext": 0.19287109375,
        "mTimeIntoLap": 172.48728942871094,
        "mTotalLaps": 0,
        "mTrackEdge": -4.324999809265137,
        "mUnderYellow": false,
        "mVehicleClass": "Hyper",
        "mVehicleName": "Porsche Penske Motorsport 2025 #6:LM"
      },
      {
        "mBestLapTime": -1.0,
        "mBestSector1": -1.0,
        "mBestSector2": -1.0,
        "mControl": 1,
        "mCountLapFlag": 0,
        "mCurSector1": -1.0,
        "mCurSector2": -1.0,
        "mDriverName": "Mike Conway",
        "mEstimatedLapTime": 206.2523193359375,
        "mFinishStatus": 0,
        "mFlag": 0,
        "mHeadlights": 0,
        "mID": 6,
        "mInGarageStall": false,
        "mInPits": false,
        "mIsPlayer": false,
        "mLapDist": 11661.4111328125,
        "mLapStartET": 0.0,
        "mLapsBehindLeader": 0,
        "mLapsBehindNext": 0,
        "mLastLapTime": 0.0,
        "mLastSector1": 0.0,
        "mLastSector2": 0.0,
        "mLocalAccel": [
          -0.022559551522135735,
          -0.06548507511615753,
          0.4594140648841858
        ],
        "mLocalRot": [
          -0.002685071434825659,
          -0.001342777512036264,
          0.009289074689149857
        ],
        "mLocalRotAccel": [
          -0.5938860177993774,
          -0.18349485099315643,
          0.27021467685699463
        ],
        "mLocalVel": [
          0.007191658020019531,
          0.1459614634513855,
          -20.941747665405273
        ],
        "mNumPenalties": 0,
        "mNumPitstops": 0,
        "mOri": [
          [
            -0.677905797958374,
            -0.017723673954606056,
            -0.7349351048469543
          ],
          [
            -0.023633897304534912,
            0.9997180104255676,
            -0.0023092112969607115
          ],
          [
            0.734768807888031,
            0.015803953632712364,
            -0.678133487701416
          ]
        ],
        "mPathLateral": -1.6943111419677734,
        "mPitGroup": "Group57",
        "mPitLapDist": 142.6239013671875,
        "mPitState": 0,
        "mPlace": 15,
        "mPos": [
          -73.941650390625,
          6.593469142913818,
          -725.4848022460938
        ],
        "mSector": 0,
        "mTimeBehindLeader": 1.8067474365234375,
        "mTimeBehindNext": 0.3035125732421875,
        "mTimeIntoLap": 173.00082397460938,
        "mTotalLaps": 0,
        "mTrackEdge": -4.925000190734863,
        "mUnderYellow": false,
        "mVehicleClass": "Hyper",
        "mVehicleName": "Toyota Gazoo Racing 2025 #7:LM"
      },
      {
        "mBestLapTime": -1.0,
        "mBestSector1": -1.0,
        "mBestSector2": -1.0,
        "mControl": 1,
        "mCountLapFlag": 0,
        "mCurSector1": -1.0,
        "mCurSector2": -1.0,
        "mDriverName": "S\u00e9bastien Buemi",
        "mEstimatedLapTime": 206.2523193359375,
        "mFinishStatus": 0,
        "mFlag": 0,
        "mHeadlights": 0,
        "mID": 7,
        "mInGarageStall": false,
        "mInPits": false,
        "mIsPlayer": false,
        "mLapDist": 11676.994140625,
        "mLapStartET": 0.0,
        "mLapsBehindLeader": 0,
        "mLapsBehindNext": 0,
        "mLastLapTime": 0.0,
        "mLastSector1": 0.0,
        "mLastSector2": 0.0,
        "mLocalAccel": [
          0.44374820590019226,
          -0.49340617656707764,
          -0.5188688635826111
        ],
        "mLocalRot": [
          0.006136139389127493,
          -0.009463821537792683,
          0.027204327285289764
        ],
        "mLocalRotAccel": [
          1.555020809173584,
          0.6278638243675232,
          3.0165207386016846
        ],
        "mLocalVel": [
          0.011157035827636719,
          0.1229248046875,
          -18.775680541992188
        ],
        "mNumPenalties": 0,
        "mNumPitstops": 0,
        "mOri": [
          [
            -0.6815271377563477,
            -0.012202172540128231,
            -0.7316911220550537
          ],
          [
            -0.016293013468384743,
            0.9998661279678345,
            -0.0014984570443630219
          ],
          [
            0.731611430644989,
            0.010900214314460754,
            -0.6816347241401672
          ]
        ],
        "mPathLateral": -1.490107774734497,
        "mPitGroup": "Group56",
        "mPitLapDist": 105.64594268798828,
        "mPitState": 0,
        "mPlace": 13,
        "mPos": [
          -62.516204833984375,
          6.728048801422119,
          -714.8995971679688
        ],
        "mSector": 0,
        "mTimeBehindLeader": 1.5738525390625,
        "mTimeBehindNext": 0.2832794189453125,
        "mTimeIntoLap": 173.2337188720703,
        "mTotalLaps": 0,
        "mTrackEdge": -5.224999904632568,
        "mUnderYellow": false,
        "mVehicleClass": "Hyper",
        "mVehicleName": "Toyota Gazoo Racing 2025 #8:LM"
      },
      {
        "mBestLapTime": -1.0,
        "mBestSector1": -1.0,
        "mBestSector2": -1.0,
        "mControl": 1,
        "mCountLapFlag": 0,
        "mCurSector1": -1.0,
        "mCurSector2": -1.0,
        "mDriverName": "Norman Nato",
        "mEstimatedLapTime": 206.2523193359375,
        "mFinishStatus": 0,
        "mFlag": 0,
        "mHeadlights": 0,
        "mID": 8,
        "mInGarageStall": false,
        "mInPits": false,
        "mIsPlayer": false,
        "mLapDist": 11715.3916015625,
        "mLapStartET": 0.0,
        "mLapsBehindLeader": 0,
        "mLapsBehindNext": 0,
        "mLastLapTime": 0.0,
        "mLastSector1": 0.0,
        "mLastSector2": 0.0,
        "mLocalAccel": [
          1.318278193473816,
          -0.7583758234977722,
          -2.0898513793945312
        ],
        "mLocalRot": [
          -0.00018331094179302454,
          -0.08330894261598587,
          -0.00696119898930192
        ],
        "mLocalRotAccel": [
          0.413371205329895,
          0.2529287338256836,
          1.3511784076690674
        ],
        "mLocalVel": [
          0.08461618423461914,
          0.07155127823352814,
          -15.407964706420898
        ],
        "mNumPenalties": 0,
        "mNumPitstops": 0,
        "mOri": [
          [
            -0.7408124208450317,
            0.007177924737334251,
            -0.671673595905304
          ],
          [
            0.012740770354866982,
            0.9999131560325623,
            -0.0033665457740426064
          ],
          [
            0.6715911030769348,
            -0.011051618494093418,
            -0.7408395409584045
          ]
        ],
        "mPathLateral": 2.656491279602051,
        "mPitGroup": "Group37",
        "mPitLapDist": 177.89370727539062,
        "mPitState": 0,
        "mPlace": 10,
        "mPos": [
          -32.423587799072266,
          6.9856719970703125,
          -690.6841430664062
        ],
        "mSector": 0,
        "mTimeBehindLeader": 1.00982666015625,
        "mTimeBehindNext": 0.0131072998046875,
        "mTimeIntoLap": 173.79774475097656,
        "mTotalLaps": 0,
        "mTrackEdge": 3.950000047683716,
        "mUnderYellow": false,
        "mVehicleClass": "Hyper",
        "mVehicleName": "Cadillac Hertz Team Jota 2025 #12:LM"
      },
      {
        "mBestLapTime": -1.0,
        "mBestSector1": -1.0,
        "mBestSector2": -1.0,
        "mControl": 1,
        "mCountLapFlag": 0,
        "mCurSector1": -1.0,
        "mCurSector2": -1.0,
        "mDriverName": "Dries Vanthoor",
        "mEstimatedLapTime": 206.2523193359375,
        "mFinishStatus": 0,
        "mFlag": 0,
        "mHeadlights": 0,
        "mID": 9,
        "mInGarageStall": false,
        "mInPits": false,
        "mIsPlayer": false,
        "mLapDist": 11772.25390625,
        "mLapStartET": 0.0,
        "mLapsBehindLeader": 0,
        "mLapsBehindNext": 0,
        "mLastLapTime": 0.0,
        "mLastSector1": 0.0,
        "mLastSector2": 0.0,
        "mLocalAccel": [
          2.1312971115112305,
          -0.09056828916072845,
          0.03231317922472954
        ],
        "mLocalRot": [
          0.01215413212776184,
          -0.12174271047115326,
          -0.004769428633153439
        ],
        "mLocalRotAccel": [
          0.4589988589286804,
          -0.1884051412343979,
          0.9969155788421631
        ],
        "mLocalVel": [
          0.12597179412841797,
          0.08000481128692627,
          -16.604812622070312
        ],
        "mNumPenalties": 0,
        "mNumPitstops": 0,
        "mOri": [
          [
            -0.9068529605865479,
            -0.02110781893134117,
            -0.42091822624206543
          ],
          [
            -0.026248792186379433,
            0.9996348023414612,
            0.006423301994800568
          ],
          [
            0.4206289052963257,
            0.016873585060238838,
            -0.907075822353363
          ]
        ],
        "mPathLateral": -0.11107593774795532,
        "mPitGroup": "Group62",
        "mPitLapDist": 348.2936706542969,
        "mPitState": 0,
        "mPlace": 4,
        "mPos": [
          -1.0709863901138306,
          7.157648086547852,
          -643.1050415039062
        ],
        "mSector": 0,
        "mTimeBehindLeader": 0.2078857421875,
        "mTimeBehindNext": -0.135711669921875,
        "mTimeIntoLap": 174.5996856689453,
        "mTotalLaps": 0,
        "mTrackEdge": -5.7860002517700195,
        "mUnderYellow": false,
        "mVehicleClass": "Hyper",
        "mVehicleName": "BMW M Team WRT 2025 #15:LM"
      },
      {
        "mBestLapTime": -1.0,
        "mBestSector1": -1.0,
        "mBestSector2": -1.0,
        "mControl": 1,
        "mCountLapFlag": 0,
        "mCurSector1": -1.0,
        "mCurSector2": -1.0,
        "mDriverName": "Sheldon van der Linde",
        "mEstimatedLapTime": 206.2523193359375,
        "mFinishStatus": 0,
        "mFlag": 0,
        "mHeadlights": 0,
        "mID": 10,
        "mInGarageStall": false,
        "mInPits": false,
        "mIsPlayer": false,
        "mLapDist": 11731.224609375,
        "mLapStartET": 0.0,
        "mLapsBehindLeader": 0,
        "mLapsBehindNext": 0,
        "mLastLapTime": 0.0,
        "mLastSector1": 0.0,
        "mLastSector2": 0.0,
        "mLocalAccel": [
          2.333484172821045,
          0.6043239235877991,
          -2.261510133743286
        ],
        "mLocalRot": [
          0.00207508634775877,
          -0.13890500366687775,
          -0.016290228813886642
        ],
        "mLocalRotAccel": [
          -0.7081928849220276,
          0.2503418028354645,
          -4.7510905265808105
        ],
        "mLocalVel": [
          0.11107063293457031,
          0.08237308263778687,
          -19.409622192382812
        ],
        "mNumPenalties": 0,
        "mNumPitstops": 0,
        "mOri": [
          [
            -0.8054771423339844,
            -0.020898224785923958,
            -0.5922582149505615
          ],
          [
            -0.027034735307097435,
            0.9996333718299866,
            0.001494785537943244
          ],
          [
            0.5920098423957825,
            0.017215559259057045,
            -0.805746853351593
          ]
        ],
        "mPathLateral": -2.10775089263916,
        "mPitGroup": "Group61",
        "mPitLapDist": 90.43241119384766,
        "mPitState": 0,
        "mPlace": 7,
        "mPos": [
          -25.135744094848633,
          7.063385486602783,
          -675.8333129882812
        ],
        "mSector": 0,
        "mTimeBehindLeader": 0.7811431884765625,
        "mTimeBehindNext": 0.2121124267578125,
        "mTimeIntoLap": 174.02642822265625,
        "mTotalLaps": 0,
        "mTrackEdge": -5.400000095367432,
        "mUnderYellow": false,
        "mVehicleClass": "Hyper",
        "mVehicleName": "BMW M Team WRT 2025 #20:LM"
      },
      {
        "mBestLapTime": -1.0,
        "mBestSector1": -1.0,
        "mBestSector2": -1.0,
        "mControl": 1,
        "mCountLapFlag": 0,
        "mCurSector1": -1.0,
        "mCurSector2": -1.0,
        "mDriverName": "Paul-Loup Chatin",
        "mEstimatedLapTime": 206.2523193359375,
        "mFinishStatus": 0,
        "mFlag": 0,
        "mHeadlights": 0,
        "mID": 11,
        "mInGarageStall": false,
        "mInPits": false,
        "mIsPlayer": false,
        "mLapDist": 11696.18359375,
        "mLapStartET": 0.0,
        "mLapsBehindLeader": 0,
        "mLapsBehindNext": 0,
        "mLastLapTime": 0.0,
        "mLastSector1": 0.0,
        "mLastSector2": 0.0,
        "mLocalAccel": [
          -0.17600828409194946,
          -0.3653808534145355,
          -1.6265459060668945
        ],
        "mLocalRot": [
          -0.004325295798480511,
          -0.015825917944312096,
          -0.003525739535689354
        ],
        "mLocalRotAccel": [
          -0.2526322305202484,
          0.4960205852985382,
          0.32517778873443604
        ],
        "mLocalVel": [
          0.012922286987304688,
          0.11710326373577118,
          -16.979352951049805
        ],
        "mNumPenalties": 0,
        "mNumPitstops": 0,
        "mOri": [
          [
            -0.7069283127784729,
            0.015568363480269909,
            -0.7071138024330139
          ],
          [
            0.020829884335398674,
            0.9997823238372803,
            0.0011875593336299062
          ],
          [
            0.7069783806800842,
            -0.013889579102396965,
            -0.7070987224578857
          ]
        ],
        "mPathLateral": 2.883241653442383,
        "mPitGroup": "Group20",
        "mPitLapDist": 137.5244903564453,
        "mPitState": 0,
        "mPlace": 12,
        "mPos": [
          -45.774627685546875,
          6.841736793518066,
          -704.5469970703125
        ],
        "mSector": 0,
        "mTimeBehindLeader": 1.2905731201171875,
        "mTimeBehindNext": 0.0663604736328125,
        "mTimeIntoLap": 173.51699829101562,
        "mTotalLaps": 0,
        "mTrackEdge": 3.875,
        "mUnderYellow": false,
        "mVehicleClass": "Hyper",
        "mVehicleName": "Alpine Endurance Team 2025 #35:LM"
      },
      {
        "mBestLapTime": -1.0,
        "mBestSector1": -1.0,
        "mBestSector2": -1.0,
        "mControl": 1,
        "mCountLapFlag": 0,
        "mCurSector1": -1.0,
        "mCurSector2": -1.0,
        "mDriverName": "Jules Gounon",
        "mEstimatedLapTime": 206.2523193359375,
        "mFinishStatus": 0,
        "mFlag": 0,
        "mHeadlights": 0,
        "mID": 12,
        "mInGarageStall": false,
        "mInPits": false,
        "mIsPlayer": false,
        "mLapDist": 11730.029296875,
        "mLapStartET": 0.0,
        "mLapsBehindLeader": 0,
        "mLapsBehindNext": 0,
        "mLastLapTime": 0.0,
        "mLastSector1": 0.0,
        "mLastSector2": 0.0,
        "mLocalAccel": [
          1.5471771955490112,
          -0.4362122118473053,
          -3.155036211013794
        ],
        "mLocalRot": [
          -0.0018200331833213568,
          -0.09317932277917862,
          -0.025957373902201653
        ],
        "mLocalRotAccel": [
          0.5802572965621948,
          0.21038618683815002,
          -0.7433468699455261
        ],
        "mLocalVel": [
          0.07659339904785156,
          0.14837904274463654,
          -18.390810012817383
        ],
        "mNumPenalties": 0,
        "mNumPitstops": 0,
        "mOri": [
          [
            -0.7931751608848572,
            -0.000686549348756671,
            -0.6089931726455688
          ],
          [
            -0.0008507403545081615,
            0.9999996423721313,
            -1.931543374666944e-05
          ],
          [
            0.6089929938316345,
            0.000502774550113827,
            -0.793175458908081
          ]
        ],
        "mPathLateral": 1.7632741928100586,
        "mPitGroup": "Group19",
        "mPitLapDist": 132.5522003173828,
        "mPitState": 0,
        "mPlace": 8,
        "mPos": [
          -23.029706954956055,
          7.096953868865967,
          -679.294189453125
        ],
        "mSector": 0,
        "mTimeBehindLeader": 0.798248291015625,
        "mTimeBehindNext": 0.0171051025390625,
        "mTimeIntoLap": 174.0093231201172,
        "mTotalLaps": 0,
        "mTrackEdge": 4.0,
        "mUnderYellow": false,
        "mVehicleClass": "Hyper",
        "mVehicleName": "Alpine Endurance Team 2025 #36:LM"
      },
      {
        "mBestLapTime": -1.0,
        "mBestSector1": -1.0,
        "mBestSector2": -1.0,
        "mControl": 1,
        "mCountLapFlag": 0,
        "mCurSector1": -1.0,
        "mCurSector2": -1.0,
        "mDriverName": "Earl Bamber",
        "mEstimatedLapTime": 206.2523193359375,
        "mFinishStatus": 0,
        "mFlag": 0,
        "mHeadlights": 0,
        "mID": 13,
        "mInGarageStall": false,
        "mInPits": false,
        "mIsPlayer": false,
        "mLapDist": 11640.203125,
        "mLapStartET": 0.0,
        "mLapsBehindLeader": 0,
        "mLapsBehindNext": 0,
        "mLastLapTime": 0.0,
        "mLastSector1": 0.0,
        "mLastSector2": 0.0,
        "mLocalAccel": [
          -0.4004524350166321,
          0.10471722483634949,
          -1.6102089881896973
        ],
        "mLocalRot": [
          0.009320427663624287,
          0.021571597084403038,
          0.002822475042194128
        ],
        "mLocalRotAccel": [
          -0.26947030425071716,
          0.09654023498296738,
          -0.15860538184642792
        ],
        "mLocalVel": [
          -0.020259857177734375,
          0.09314620494842529,
          -19.874080657958984
        ],
        "mNumPenalties": 0,
        "mNumPitstops": 0,
        "mOri": [
          [
            -0.6959392428398132,
            0.014033904299139977,
            -0.7179635167121887
          ],
          [
            0.022865237668156624,
            0.9997351169586182,
            -0.0026221806183457375
          ],
          [
            0.717736542224884,
            -0.018241284415125847,
            -0.6960757970809937
          ]
        ],
        "mPathLateral": 3.041273832321167,
        "mPitGroup": "Group38",
        "mPitLapDist": 40.51240158081055,
        "mPitState": 0,
        "mPlace": 18,
        "mPos": [
          -85.9885025024414,
          6.423746585845947,
          -743.5291748046875
        ],
        "mSector": 0,
        "mTimeBehindLeader": 2.127410888671875,
        "mTimeBehindNext": 0.06475830078125,
        "mTimeIntoLap": 172.68016052246094,
        "mTotalLaps": 0,
        "mTrackEdge": 5.099999904632568,
        "mUnderYellow": false,
        "mVehicleClass": "Hyper",
        "mVehicleName": "Cadillac Hertz Team Jota 2025 #38:LM"
      },
      {
        "mBestLapTime": -1.0,
        "mBestSector1": -1.0,
        "mBestSector2": -1.0,
        "mControl": 1,
        "mCountLapFlag": 0,
        "mCurSector1": -1.0,
        "mCurSector2": -1.0,
        "mDriverName": "Antonio Fuoco",
        "mEstimatedLapTime": 206.2523193359375,
        "mFinishStatus": 0,
        "mFlag": 0,
        "mHeadlights": 0,
        "mID": 14,
        "mInGarageStall": false,
        "mInPits": false,
        "mIsPlayer": false,
        "mLapDist": 11787.3232421875,
        "mLapStartET": 0.0,
        "mLapsBehindLeader": 0,
        "mLapsBehindNext": 0,
        "mLastLapTime": 0.0,
        "mLastSector1": 0.0,
        "mLastSector2": 0.0,
        "mLocalAccel": [
          1.8552360534667969,
          -0.10025005042552948,
          0.1364966183900833
        ],
        "mLocalRot": [
          0.011145468801259995,
          -0.12048925459384918,
          -0.0012148323003202677
        ],
        "mLocalRotAccel": [
          0.17089305818080902,
          -0.21361087262630463,
          -0.3301887512207031
        ],
        "mLocalVel": [
          0.12350702285766602,
          0.11914290487766266,
          -16.006807327270508
        ],
        "mNumPenalties": 0,
        "mNumPitstops": 0,
        "mOri": [
          [
            -0.9418973326683044,
            -0.02209290862083435,
            -0.3351735472679138
          ],
          [
            -0.026594258844852448,
            0.9996071457862854,
            0.008845658041536808
          ],
          [
            0.33484646677970886,
            0.017245393246412277,
            -0.9421148896217346
          ]
        ],
        "mPathLateral": -4.1504597663879395,
        "mPitGroup": "Group48",
        "mPitLapDist": 147.61216735839844,
        "mPitState": 0,
        "mPlace": 1,
        "mPos": [
          0.31771984696388245,
          6.9586358070373535,
          -627.876953125
        ],
        "mSector": 0,
        "mTimeBehindLeader": 0.0,
        "mTimeBehindNext": 0.0,
        "mTimeIntoLap": 174.8075714111328,
        "mTotalLaps": 0,
        "mTrackEdge": -5.560999870300293,
        "mUnderYellow": false,
        "mVehicleClass": "Hyper",
        "mVehicleName": "Ferrari AF Corse 2025 #50:LM"
      },
      {
        "mBestLapTime": -1.0,
        "mBestSector1": -1.0,
        "mBestSector2": -1.0,
        "mControl": 1,
        "mCountLapFlag": 0,
        "mCurSector1": -1.0,
        "mCurSector2": -1.0,
        "mDriverName": "Alessandro Pier Guidi",
        "mEstimatedLapTime": 206.2523193359375,
        "mFinishStatus": 0,
        "mFlag": 0,
        "mHeadlights": 0,
        "mID": 15,
        "mInGarageStall": false,
        "mInPits": false,
        "mIsPlayer": false,
        "mLapDist": 11644.4560546875,
        "mLapStartET": 0.0,
        "mLapsBehindLeader": 0,
        "mLapsBehindNext": 0,
        "mLastLapTime": 0.0,
        "mLastSector1": 0.0,
        "mLastSector2": 0.0,
        "mLocalAccel": [
          -1.0522319078445435,
          -1.0522515773773193,
          1.129250168800354
        ],
        "mLocalRot": [
          -0.004869875032454729,
          0.06340907514095306,
          -0.0006348388269543648
        ],
        "mLocalRotAccel": [
          1.3611915111541748,
          0.6255021691322327,
          2.5303919315338135
        ],
        "mLocalVel": [
          -0.013037681579589844,
          0.15664683282375336,
          -21.94857406616211
        ],
        "mNumPenalties": 0,
        "mNumPitstops": 0,
        "mOri": [
          [
            -0.6913313269615173,
            -0.013683440163731575,
            -0.7224082946777344
          ],
          [
            -0.019549651071429253,
            0.9998088479042053,
            -0.00022914873261470348
          ],
          [
            0.7222733497619629,
            0.013964412733912468,
            -0.6914666891098022
          ]
        ],
        "mPathLateral": -1.8512814044952393,
        "mPitGroup": "Group47",
        "mPitLapDist": 152.7053985595703,
        "mPitState": 0,
        "mPlace": 17,
        "mPos": [
          -86.34371185302734,
          6.433246612548828,
          -737.0657958984375
        ],
        "mSector": 0,
        "mTimeBehindLeader": 2.062652587890625,
        "mTimeBehindNext": 0.244140625,
        "mTimeIntoLap": 172.7449188232422,
        "mTotalLaps": 0,
        "mTrackEdge": -4.375,
        "mUnderYellow": false,
        "mVehicleClass": "Hyper",
        "mVehicleName": "Ferrari AF Corse 2025 #51:LM"
      },
      {
        "mBestLapTime": -1.0,
        "mBestSector1": -1.0,
        "mBestSector2": -1.0,
        "mControl": 1,
        "mCountLapFlag": 0,
        "mCurSector1": -1.0,
        "mCurSector2": -1.0,
        "mDriverName": "Paul di Resta",
        "mEstimatedLapTime": 206.2523193359375,
        "mFinishStatus": 0,
        "mFlag": 0,
        "mHeadlights": 0,
        "mID": 16,
        "mInGarageStall": false,
        "mInPits": false,
        "mIsPlayer": false,
        "mLapDist": 11785.9140625,
        "mLapStartET": 0.0,
        "mLapsBehindLeader": 0,
        "mLapsBehindNext": 0,
        "mLastLapTime": 0.0,
        "mLastSector1": 0.0,
        "mLastSector2": 0.0,
        "mLocalAccel": [
          1.2305337190628052,
          -0.08603726327419281,
          0.15048451721668243
        ],
        "mLocalRot": [
          0.000643349951133132,
          -0.08014645427465439,
          -0.014106998220086098
        ],
        "mLocalRotAccel": [
          -0.10377183556556702,
          0.05495738610625267,
          0.30234581232070923
        ],
        "mLocalVel": [
          0.09095335006713867,
          0.14659813046455383,
          -16.598400115966797
        ],
        "mNumPenalties": 0,
        "mNumPitstops": 0,
        "mOri": [
          [
            -0.9492743611335754,
            -0.024223363026976585,
            -0.3135146200656891
          ],
          [
            -0.029120514169335365,
            0.999515950679779,
            0.01094596553593874
          ],
          [
            0.3130977153778076,
            0.019520431756973267,
            -0.9495202898979187
          ]
        ],
        "mPathLateral": -0.057457298040390015,
        "mPitGroup": "Group16",
        "mPitLapDist": 189.70384216308594,
        "mPitState": 0,
        "mPlace": 2,
        "mPos": [
          3.818098783493042,
          7.088740348815918,
          -630.36328125
        ],
        "mSector": 0,
        "mTimeBehindLeader": 0.01953125,
        "mTimeBehindNext": 0.01953125,
        "mTimeIntoLap": 174.7880401611328,
        "mTotalLaps": 0,
        "mTrackEdge": -5.636000156402588,
        "mUnderYellow": false,
        "mVehicleClass": "Hyper",
        "mVehicleName": "Peugeot TotalEnergies 2025 #93:LM"
      },
      {
        "mBestLapTime": -1.0,
        "mBestSector1": -1.0,
        "mBestSector2": -1.0,
        "mControl": 1,
        "mCountLapFlag": 0,
        "mCurSector1": -1.0,
        "mCurSector2": -1.0,
        "mDriverName": "Lo\u00efc Duval",
        "mEstimatedLapTime": 206.2523193359375,
        "mFinishStatus": 0,
        "mFlag": 0,
        "mHeadlights": 0,
        "mID": 17,
        "mInGarageStall": false,
        "mInPits": false,
        "mIsPlayer": false,
        "mLapDist": 11626.5380859375,
        "mLapStartET": 0.0,
        "mLapsBehindLeader": 0,
        "mLapsBehindNext": 0,
        "mLastLapTime": 0.0,
        "mLastSector1": 0.0,
        "mLastSector2": 0.0,
        "mLocalAccel": [
          -1.305676817893982,
          -0.004743821453303099,
          -1.3573745489120483
        ],
        "mLocalRot": [
          0.004857512656599283,
          0.07415755838155746,
          -0.0037677371874451637
        ],
        "mLocalRotAccel": [
          0.312193363904953,
          -0.369951069355011,
          0.11352144181728363
        ],
        "mLocalVel": [
          -0.06091022491455078,
          0.16438600420951843,
          -19.630905151367188
        ],
        "mNumPenalties": 0,
        "mNumPitstops": 0,
        "mOri": [
          [
            -0.7130124568939209,
            0.01237440388649702,
            -0.7010421752929688
          ],
          [
            0.01956482045352459,
            0.9998060464859009,
            -0.002250873250886798
          ],
          [
            0.7008783221244812,
            -0.015320665203034878,
            -0.7131162881851196
          ]
        ],
        "mPathLateral": 2.8654589653015137,
        "mPitGroup": "Group17",
        "mPitLapDist": 343.2659912109375,
        "mPitState": 0,
        "mPlace": 20,
        "mPos": [
          -95.63680267333984,
          6.2493109703063965,
          -753.0216674804688
        ],
        "mSector": 0,
        "mTimeBehindLeader": 2.3368072509765625,
        "mTimeBehindNext": 0.0165252685546875,
        "mTimeIntoLap": 172.47076416015625,
        "mTotalLaps": 0,
        "mTrackEdge": 5.199999809265137,
        "mUnderYellow": false,
        "mVehicleClass": "Hyper",
        "mVehicleName": "Peugeot TotalEnergies 2025 #94:LM"
      },
      {
        "mBestLapTime": -1.0,
        "mBestSector1": -1.0,
        "mBestSector2": -1.0,
        "mControl": 1,
